# ALU -- exhaustive: all 256 input combinations
# layout: <A(3:0)><B(3:0)>  expected=<Y(5:0)>  mask
# generated by gen_tracefile.py -- do not hand-edit
00000000 000000 1
00000001 000001 1
00000010 000010 1
00000011 000011 1
00000100 000100 1
00000101 000101 1
00000110 000110 1
00000111 000111 1
00001000 000000 1
00001001 000000 1
00001010 000000 1
00001011 000000 1
00001100 000000 1
00001101 000000 1
00001110 000000 1
00001111 000000 1
00010000 000001 1
00010001 000000 1
00010010 000010 1
00010011 000011 1
00010100 000100 1
00010101 000101 1
00010110 000110 1
00010111 000111 1
00011000 000001 1
00011001 001000 1
00011010 000100 1
00011011 000010 1
00011100 000001 1
00011101 001000 1
00011110 000100 1
00011111 000010 1
00100000 000010 1
00100001 000010 1
00100010 000000 1
00100011 000011 1
00100100 000100 1
00100101 000101 1
00100110 000110 1
00100111 000111 1
00101000 000010 1
00101001 000001 1
00101010 001000 1
00101011 000100 1
00101100 000010 1
00101101 000001 1
00101110 001000 1
00101111 000100 1
00110000 000011 1
00110001 000011 1
00110010 000011 1
00110011 000000 1
00110100 000100 1
00110101 000101 1
00110110 000110 1
00110111 000111 1
00111000 000011 1
00111001 001001 1
00111010 001100 1
00111011 000110 1
00111100 000011 1
00111101 001001 1
00111110 001100 1
00111111 000110 1
01000000 000100 1
01000001 000100 1
01000010 000100 1
01000011 000100 1
01000100 000000 1
01000101 000101 1
01000110 000110 1
01000111 000111 1
01001000 000100 1
01001001 000010 1
01001010 000001 1
01001011 001000 1
01001100 000100 1
01001101 000010 1
01001110 000001 1
01001111 001000 1
01010000 000101 1
01010001 000101 1
01010010 000101 1
01010011 000101 1
01010100 000101 1
01010101 000000 1
01010110 000110 1
01010111 000111 1
01011000 000101 1
01011001 001010 1
01011010 000101 1
01011011 001010 1
01011100 000101 1
01011101 001010 1
01011110 000101 1
01011111 001010 1
01100000 000110 1
01100001 000110 1
01100010 000110 1
01100011 000110 1
01100100 000110 1
01100101 000110 1
01100110 000000 1
01100111 000111 1
01101000 000110 1
01101001 000011 1
01101010 001001 1
01101011 001100 1
01101100 000110 1
01101101 000011 1
01101110 001001 1
01101111 001100 1
01110000 000111 1
01110001 000111 1
01110010 000111 1
01110011 000111 1
01110100 000111 1
01110101 000111 1
01110110 000111 1
01110111 000000 1
01111000 000111 1
01111001 001011 1
01111010 001101 1
01111011 001110 1
01111100 000111 1
01111101 001011 1
01111110 001101 1
01111111 001110 1
10000000 000000 1
10000001 000000 1
10000010 000000 1
10000011 000000 1
10000100 000000 1
10000101 000000 1
10000110 000000 1
10000111 000000 1
10001000 001000 1
10001001 000000 1
10001010 000000 1
10001011 000000 1
10001100 000000 1
10001101 000000 1
10001110 000000 1
10001111 000000 1
10010000 000000 1
10010001 000001 1
10010010 000000 1
10010011 000001 1
10010100 000000 1
10010101 000001 1
10010110 000000 1
10010111 000001 1
10011000 000000 1
10011001 001001 1
10011010 000000 1
10011011 000000 1
10011100 000000 1
10011101 000000 1
10011110 000000 1
10011111 000000 1
10100000 000000 1
10100001 000000 1
10100010 000010 1
10100011 000010 1
10100100 000000 1
10100101 000000 1
10100110 000010 1
10100111 000010 1
10101000 000000 1
10101001 000000 1
10101010 001010 1
10101011 000000 1
10101100 000000 1
10101101 000000 1
10101110 000000 1
10101111 000000 1
10110000 000000 1
10110001 000001 1
10110010 000010 1
10110011 000011 1
10110100 000000 1
10110101 000001 1
10110110 000010 1
10110111 000011 1
10111000 000000 1
10111001 000000 1
10111010 000000 1
10111011 001011 1
10111100 000000 1
10111101 000000 1
10111110 000000 1
10111111 000000 1
11000000 000000 1
11000001 000000 1
11000010 000000 1
11000011 000000 1
11000100 000100 1
11000101 000100 1
11000110 000100 1
11000111 000100 1
11001000 000000 1
11001001 000000 1
11001010 000000 1
11001011 000000 1
11001100 001100 1
11001101 000000 1
11001110 000000 1
11001111 000000 1
11010000 000000 1
11010001 000001 1
11010010 000000 1
11010011 000001 1
11010100 000100 1
11010101 000101 1
11010110 000100 1
11010111 000101 1
11011000 000000 1
11011001 000000 1
11011010 000000 1
11011011 000000 1
11011100 000000 1
11011101 001101 1
11011110 000000 1
11011111 000000 1
11100000 000000 1
11100001 000000 1
11100010 000010 1
11100011 000010 1
11100100 000100 1
11100101 000100 1
11100110 000110 1
11100111 000110 1
11101000 000000 1
11101001 000000 1
11101010 000000 1
11101011 000000 1
11101100 000000 1
11101101 000000 1
11101110 001110 1
11101111 000000 1
11110000 000000 1
11110001 000001 1
11110010 000010 1
11110011 000011 1
11110100 000100 1
11110101 000101 1
11110110 000110 1
11110111 000111 1
11111000 000000 1
11111001 000000 1
11111010 000000 1
11111011 000000 1
11111100 000000 1
11111101 000000 1
11111110 000000 1
11111111 001111 1
